# Frame list with one line of data per frame:
#   FRAME_ID, RIG_ID, RIG_FROM_WORLD[QW, QX, QY, QZ, TX, TY, TZ], NUM_DATA_IDS, DATA_IDS[] as (SENSOR_TYPE, SENSOR_ID, DATA_ID)
# Number of frames: 8
1 1 0.079316871645942505 0.17741655984233912 0.89551579041796325 -0.40035442707443786 -2.3388169139328259e-08 6.0894111911823803e-08 4.0311289417780465 1 CAMERA 1 1
2 1 0.11542348605186591 0.42444538788704 0.86659517815672671 -0.23566147068319407 9.0906967777323139e-09 -2.5757704406996747e-08 4.0311288964050229 1 CAMERA 1 2
3 1 0.34600625286845954 0.55534825401578425 -0.64183656334186867 0.39989225510760656 -2.5154152753758136e-08 -4.2735423106601078e-09 4.0311290574743861 1 CAMERA 1 3
4 1 0.4180024676081337 0.78144856385881767 -0.40849370740743179 0.21850622445375345 -6.7045812886813386e-09 6.8647726430186626e-08 4.0311289586359909 1 CAMERA 1 4
5 1 0.12522866698110549 0.33676158069056333 -0.87470530827308468 0.32526918454691828 9.0472688900446906e-09 4.9381660895298541e-08 4.0311289747676682 1 CAMERA 1 5
6 1 0.58470053498633279 0.75416825616608807 -0.23624059297009126 0.18315542037089128 -4.4574102007320263e-08 2.7482735080275179e-08 4.0311288591368646 1 CAMERA 1 6
7 1 0.14310661068152533 0.71044734405625642 0.67547905935240538 -0.13606288869139682 -3.2875715148035838e-09 -6.9365727418647003e-08 4.0311289288290277 1 CAMERA 1 7
8 1 0.37991956775258068 0.92359286929858009 0.047493761447987469 -0.019536541224831706 -1.9786197239337781e-09 1.3048542043500304e-07 4.0311286136026814 1 CAMERA 1 8
