# Frame list with one line of data per frame:
#   FRAME_ID, RIG_ID, RIG_FROM_WORLD[QW, QX, QY, QZ, TX, TY, TZ], NUM_DATA_IDS, DATA_IDS[] as (SENSOR_TYPE, SENSOR_ID, DATA_ID)
# Number of frames: 8
1 1 0.44331094390508435 0.52932042720600259 -0.55458401574394944 0.46446944123133987 -3.8154616653125678e-09 1.2221560596392406e-09 4.0311288141186852 1 CAMERA 1 1
2 1 0.35335735900928678 0.92658112288569949 -0.12033336821461274 0.0458898685984667 1.9284882437422385e-08 -3.7382923153188797e-08 4.0311288272354142 1 CAMERA 1 2
3 1 0.40636967601781543 0.50293357672070094 -0.59335406057922313 0.47942930929830141 2.498131144187313e-08 2.614933683268182e-08 4.0311289079642938 1 CAMERA 1 3
4 1 0.63055005332171876 0.76049896351380386 0.1193777748903751 -0.098979309012694944 3.2051228176810763e-08 4.4678278754593969e-10 4.0311288881374852 1 CAMERA 1 4
5 1 0.30321704007611994 0.61613928324990108 0.65223053185919133 -0.32097841602583022 -2.3812747452859724e-09 1.3245844914282844e-07 4.0311289184484274 1 CAMERA 1 5
6 1 0.093171272658337245 0.27370330820493305 -0.90622357892785055 0.30848733851504961 1.0523043105875326e-07 -7.8071077551813324e-08 4.0311289226019777 1 CAMERA 1 6
7 1 0.084272286650326184 0.19896702183960177 -0.89905803957515718 0.38079515148998389 6.2936452310164315e-08 -5.6272103122919715e-09 4.0311290038008849 1 CAMERA 1 7
8 1 0.45750643088734561 0.66103915907708943 0.48903729539959967 -0.33846361631883176 -6.7717437103917463e-08 -5.7205166158274044e-08 4.0311290109435323 1 CAMERA 1 8
