# Frame list with one line of data per frame:
#   FRAME_ID, RIG_ID, RIG_FROM_WORLD[QW, QX, QY, QZ, TX, TY, TZ], NUM_DATA_IDS, DATA_IDS[] as (SENSOR_TYPE, SENSOR_ID, DATA_ID)
# Number of frames: 8
1 1 0.071993048328011788 0.17974990403357724 -0.91074198380797688 0.36476843602739417 -5.3720710668613499e-08 2.0114596902084929e-08 4.0311288906644354 1 CAMERA 1 1
2 1 0.21346408969486524 0.44583160283318757 0.78405282799267728 -0.37540435165647562 2.0334860579107818e-08 -5.4290766598315067e-08 4.0311290092021936 1 CAMERA 1 2
3 1 0.55177692220650765 0.73785719866182242 -0.31130886269904917 0.23279985933901731 9.4715738436189081e-08 -2.4470904926888034e-08 4.0311289520552016 1 CAMERA 1 3
4 1 0.0030249455940107813 0.065526542993981363 0.996784691122655 -0.046015230206147409 -3.200208606361233e-10 -3.7210377730639775e-09 4.031128955625312 1 CAMERA 1 4
5 1 0.050130918353790639 0.30513619840794431 -0.93840821601416136 0.15417137076407061 -1.7586598622587161e-08 -2.9256494037926386e-08 4.0311288796536395 1 CAMERA 1 5
6 1 0.17631283955624108 0.25200088059535286 0.77965130077157208 -0.54548436090503782 1.1525398864800127e-07 -7.143696770142605e-09 4.0311288681761894 1 CAMERA 1 6
7 1 0.47808651437177907 0.60050169927135455 -0.50144798839005755 0.39922538607611496 3.7467555401079963e-08 -3.8752679145542399e-08 4.0311290388955205 1 CAMERA 1 7
8 1 0.0033071756082586599 0.0098828024935753676 0.94825956463972128 -0.31732505554030171 -1.7103014272452612e-09 -5.3049845369836729e-08 4.0311289801835812 1 CAMERA 1 8
