# Frame list with one line of data per frame:
#   FRAME_ID, RIG_ID, RIG_FROM_WORLD[QW, QX, QY, QZ, TX, TY, TZ], NUM_DATA_IDS, DATA_IDS[] as (SENSOR_TYPE, SENSOR_ID, DATA_ID)
# Number of frames: 8
1 1 0.0053132354264187141 0.054998546534943238 0.99384534816089676 -0.096012256234780435 -4.689713325647336e-09 -1.5003145126685297e-08 4.0311292648720194 1 CAMERA 1 1
2 1 0.3762558212094394 0.64050404337707489 0.57723781369862104 -0.33909089321311014 7.8933140576617455e-10 -5.893560322198986e-08 4.0311293201587075 1 CAMERA 1 2
3 1 0.40182970054614203 0.65584097834181654 0.54491941165736979 -0.33386874319952869 -2.66822046993216e-08 -1.4170490044927919e-08 4.031128957471485 1 CAMERA 1 3
4 1 0.11589559630248394 0.17601070992121853 0.81644422384556159 -0.53759396397275405 -7.1448728209685189e-08 1.8603535875505351e-08 4.0311290258674859 1 CAMERA 1 4
5 1 0.018407340443463729 0.09758302944716131 0.97781280980929508 -0.18444736689517707 -3.0165973363015128e-09 -1.9830707845076086e-08 4.0311287042997783 1 CAMERA 1 5
6 1 0.075491969030559603 0.27005933666010373 -0.92444025677631403 0.25841658024580494 4.0121209061711621e-08 -3.8530457806556398e-09 4.0311289082632493 1 CAMERA 1 6
7 1 0.53108380682262357 0.83981093891810343 0.095125424058828678 -0.060155886677129955 7.1427904689346109e-09 -3.5381543736401473e-08 4.0311290202833527 1 CAMERA 1 7
8 1 0.085463793147604411 0.1173460033079937 0.7997757357638412 -0.58248144009218916 -4.288303563254116e-09 2.8670501421992472e-08 4.0311291940793668 1 CAMERA 1 8
