# 3D point list with one line of data per point:
#   POINT3D_ID, X, Y, Z, R, G, B, ERROR, TRACK[] as (IMAGE_ID, POINT2D_IDX)
# Number of points: 263, mean track length: 3.0266159695817492
2 0.17157493961743267 0.49614529544989655 0.2162953088451337 224 176 61 1.2013756721614832 2 182 1 284
4 0.55318306204758916 0.74407439447612178 0.17282260306156591 118 65 26 0.31543237259210555 2 679 1 368 6 1377
7 0.47957816920032714 0.80321163703898124 -0.042094775016106777 46 31 11 0.432748836662251 2 620 1 518 6 1419
9 0.13804682682445227 0.62957782586819699 0.23891723900083919 213 176 58 0.11186639123100567 2 1026 1 763 6 1488
11 0.43164336560380073 0.34046757458512716 0.20542197916293239 74 39 39 0.27398541593761933 6 141 2 169 4 226 5 143
12 0.47709324302494577 -0.21959963261185311 0.2104527564215313 151 157 105 0.85626355099341456 6 436 2 393 4 852 5 394
13 0.38633492902379607 0.00073305013412633619 0.19243559135479288 64 29 21 0.87550376828446774 6 371 2 718 4 316 5 323
14 0.55745510699151035 0.72023160136448472 0.18893754598447948 175 152 61 0.14173845346013803 6 1375 2 845 5 1458
15 0.56633216795371055 0.36988099138236946 0.24704874126072981 222 215 146 0.19659105648576211 6 1448 2 950 5 1493
16 0.57891424012580928 0.4394323057908755 0.2417769703304998 220 202 104 0.39873172877098068 6 1001 2 1040 4 1283 5 938
18 -0.0080923112990553912 0.26523302960611811 0.25239140921828751 228 186 130 1.826318595809169 5 5 4 4 6 0
19 0.15105121027327875 0.77164357672532702 0.085094128191960633 37 38 38 3.1358835799180489 5 10 6 8 4 10
20 -0.71607415791783369 -0.34315650602160158 -0.12178034713043112 94 63 41 0.36325269269626609 5 15 6 14 4 14
23 0.49069213409616536 0.74874330993704108 0.10103847126148578 60 27 15 2.5741941862642732 5 16 6 12 4 19
24 -0.47571959312399087 -0.8644753684548061 -0.11206131390613727 108 98 85 1.7040119052378193 5 13 6 20 4 20
25 -0.47571959312399087 -0.8644753684548061 -0.11206131390613727 108 98 85 1.7040119052378193 5 14 6 17 4 23
26 0.49069213409616536 0.74874330993704108 0.10103847126148578 60 27 15 2.5741941862642732 5 18 6 10 4 24
27 -0.68796923942632926 -0.049547358068487389 -0.12403162696521658 86 86 83 0.56469290160193986 5 20 6 21 4 25
28 0.50275089626805036 0.045248587761823562 0.21769400263027078 70 49 21 1.0998720107049604 5 29 6 36 4 33
29 -0.92568085909708708 -0.28628011614588544 -0.087662967358940636 225 205 150 0.87291373438462561 5 28 6 37 4 36
30 0.40705698335062102 0.19469705651068045 0.18526792666075984 119 131 83 0.50716719192682957 5 56 6 51 4 40
31 0.35106741025002514 0.38373512046496783 0.16243506788048462 40 15 13 0.5170458105432334 5 62 6 55 4 49
32 0.35106741025002514 0.38373512046496783 0.16243506788048462 40 15 13 0.5170458105432334 5 43 6 45 4 50
33 0.50184503167229266 0.48551871111174227 0.21897178514085011 24 13 6 0.54323410583214071 5 60 6 49 4 51
34 -0.012565741906501787 0.42925470216385747 0.28980682756964243 226 171 104 0.72171632556118448 5 31 4 55 6 33
35 0.2718840540214712 -0.18361015378634421 0.17076723308574257 121 102 56 0.52657398692688906 5 53 6 59 4 65
36 0.32793844840000835 -0.48008250253005047 0.10262319081547307 234 230 201 2.6604611165571748 6 28 4 71 5 33
37 -0.40569346190298972 0.3534542234809665 -0.11678107646168123 55 56 58 0.28674864731596234 5 81 6 101 4 72
39 0.28023570285121618 0.25925725057647792 0.17143106260986951 152 118 62 0.34945043497586109 5 65 6 50 4 81
40 -0.8519340769108823 -0.31122962221436035 -0.11761227880467569 126 110 92 0.24533412724581607 5 125 6 118 4 82
41 -0.57711172235927832 -0.43001905097292664 -0.096403697924572637 117 70 38 0.28898141851090825 5 71 4 87 6 117
42 -0.11008731014412672 0.17646511516390942 0.26210331943459247 160 45 13 1.1697485342519875 5 121 6 126 4 89
43 -0.12089973079437159 -0.43881139638056577 0.24764174891696356 78 14 5 0.4141493602269315 5 75 6 88 4 92
44 -0.39311785541225058 0.2205421048084249 -0.10744836557896628 55 56 58 0.68810423931027198 5 163 4 93 6 256
45 -0.71558093905226416 0.025956394348970409 -0.10124708353563475 85 84 80 2.6010620717611643 5 38 6 83 4 94
46 -0.5231581229863298 0.058739926534301101 -0.13943965110531789 29 4 2 1.035917595410748 6 197 4 97 5 196
47 -0.12089973079437159 -0.43881139638056577 0.24764174891696356 78 14 5 0.4141493602269315 5 91 6 81 4 100
48 -0.013889187621667581 -0.64389701449570469 0.23521325185153569 228 197 159 0.42144390159991901 5 49 6 41 4 103
49 -0.014865965910258322 -0.39735528249052821 0.21327251374292042 226 218 143 1.539259456908493 5 72 6 79 4 106
50 -0.17887256284242439 -0.53161465043480871 0.26514370868860715 197 112 41 0.52410884921891532 5 79 4 108 6 84
51 -0.013889187621667581 -0.64389701449570469 0.23521325185153569 228 197 159 0.42144390159991901 5 55 6 48 4 109
52 0.39668986858233585 -0.13768837747439008 0.19817654361197165 118 126 78 0.17711008720532728 5 168 6 129 4 112
53 0.37683817619609716 -0.28582832314761109 0.20384211689217371 73 27 18 0.5252670877789013 6 132 4 114 5 136
54 0.45406034480109358 0.090001423439846143 0.20507795720646929 111 110 42 0.35294505359347994 5 119 6 127 4 115
55 0.33135881278624946 -0.37629587985831975 0.14731699614411461 58 18 12 0.78098453448835981 5 100 6 147 4 129
56 0.39108884195720239 0.33720627390491653 0.1944233378073445 128 122 45 0.36041173034972585 5 158 6 163 4 137
57 0.49832694254668702 0.38509228024996178 0.19772893294119223 20 5 3 0.41954229378680785 5 127 6 98 4 138
58 0.38663453507980383 0.044493083963976277 0.18476485548595892 125 137 88 0.30132774435827953 5 117 6 112 4 150
59 0.39302444372397438 -0.050159231957506739 0.19534088226160568 116 115 40 0.44489225140119659 5 122 6 111 4 153
60 -0.089694236374684336 -0.28785950161391399 0.25588450505100507 225 220 176 0.93553363114737154 5 99 6 149 4 156
61 -0.99482859512727517 -0.16084005221252437 -0.066821061819399633 120 114 100 1.3171763284294475 6 223 4 161 5 132
62 0.56487048859151268 0.7738203367662907 0.11646365625269234 98 60 23 1.3136776586250158 5 129 6 93 4 165
63 -0.45841302207560181 -0.16598546920931442 -0.12506756049818787 46 30 11 0.081493195786864689 5 183 4 166 6 180
64 0.52362674910893658 0.65164710077743204 0.21245170712764275 58 21 10 0.35244792299126182 5 154 6 154 4 167
65 -0.49438870158296389 -0.22596007935654247 -0.082280184449512114 65 30 10 0.47792315458957974 5 133 4 169 6 143
66 -0.15130665747528685 0.49257911512838715 0.29025242239061749 203 162 60 1.7631732105614233 5 96 4 171 6 87
67 0.42925857308984083 0.039322006989759815 0.18810312138928559 75 38 38 0.43627406089159065 5 139 6 139 4 172
68 0.42925857308984083 0.039322006989759815 0.18810312138928559 75 38 38 0.43627406089159065 5 169 6 150 4 173
69 -0.061737619127957319 -0.22121225656171525 0.24345221331794678 108 58 42 0.37003561900567994 5 241 6 173 4 180
70 0.47148988152393823 0.053581181834240876 0.19709715628692429 109 110 45 0.32509635945616377 5 234 6 238 4 181
71 0.064840559409435242 -0.046459991794759861 0.21104030174015284 117 88 56 0.37187712656080613 5 186 6 186 4 184
72 0.43238243674950166 0.33937896582322918 0.20061713439865825 73 34 35 0.065877209173645188 5 157 6 161 4 187
73 -0.49024201114947907 -0.31622993818769674 -0.088767393360962885 87 38 13 0.22348193215487733 6 219 4 192 5 221
74 -0.53980078916064211 -0.12431370466548712 -0.13096465690869091 48 37 20 0.61500804912793705 5 152 6 185 4 197
75 -0.16708064392390401 -0.42913697243602489 0.27201707061062202 225 199 97 0.39576918523184618 5 110 6 114 4 216
76 0.48026516315056794 0.43066718480186217 0.20301695813038612 104 108 37 0.48911389461213273 5 229 6 232 4 225
77 -0.061737619127957319 -0.22121225656171525 0.24345221331794678 108 58 42 0.37003561900567994 5 212 6 177 4 231
78 0.47148988152393823 0.053581181834240876 0.19709715628692429 109 110 45 0.32509635945616377 5 188 6 249 4 232
79 -0.097490632130143001 -0.37688681218539954 0.26432406886266741 150 137 40 0.5166712163002839 5 149 6 212 4 234
80 0.22611111592917657 -0.3751215817812667 0.14960532611180913 161 77 17 0.31761484317777167 5 214 6 215 4 236
81 0.45507640227308288 -0.33566654043925803 0.22405006504267433 202 159 116 0.59162394839843657 6 220 4 240 5 219
82 -0.75349566806202273 -0.33577096510027193 -0.11299104589945333 94 62 38 0.43234369915573384 5 216 6 368 4 243
83 0.098705989686221601 0.45425541122687035 0.25135927623279009 148 86 54 0.57454737100370912 5 258 4 244 6 264
84 -0.65103754675362624 0.047594283144176651 -0.10409098263985932 54 20 23 1.4904679468911635 5 120 6 123 4 255
85 -0.79758843730469531 0.097911081859076043 -0.12012043582762856 49 15 14 0.42867565682937397 5 197 6 327 4 261
86 0.3894337407300944 -0.003058721291496445 0.18385269479531657 75 25 15 0.11714954955003366 5 365 6 396 4 265
87 -0.13635044950386349 -0.4759890036509884 0.24333072118759774 14 4 2 0.6649949674401251 5 209 6 210 4 274
88 0.096602865971159385 -0.58045973240774817 0.21193945177903362 158 69 38 0.33348364991921087 6 282 4 281 5 348
89 0.44988901461607839 0.13549503569986071 0.1894685144450575 66 37 41 0.13001648567925481 5 273 6 361 4 291
90 0.11561949343712338 0.62771518390998615 0.24423483524659631 97 35 11 0.35512621930441096 5 236 4 297 6 231
91 0.47571609040034579 -0.018993321446175614 0.19368626612951964 97 112 67 0.066212338017177574 5 320 6 326 4 310
92 -0.06888618725321001 -0.37678269429269079 0.25396853207050224 89 39 30 0.26295954665267801 5 346 6 287 4 322
93 0.4298091541214335 -0.066251737106249375 0.19663686198351607 76 41 40 0.27686730057516901 5 237 6 241 4 324
94 0.47571609040034579 -0.018993321446175614 0.19368626612951964 97 112 67 0.066212338017177574 5 366 6 319 4 328
95 0.44464283792138881 -0.024705017550540356 0.20206214735005545 61 33 33 0.51722899171716985 5 189 6 193 4 329
96 0.49300682861797729 0.003894559617245553 0.18901776030206358 25 10 4 0.39487429316791173 5 195 4 331 6 200
97 -0.48787205337362899 0.090468970888952449 -0.12450573371384309 61 61 62 0.086358724896143976 5 362 6 323 4 333
98 0.49684103057955303 0.095324639168129208 0.19371391902746538 20 11 6 0.27317550556730369 5 360 6 250 4 336
99 0.44988901461607839 0.13549503569986071 0.1894685144450575 66 37 41 0.13001648567925481 5 358 6 320 4 340
100 0.10059890375621615 0.065009529893832463 0.23984262161558012 160 77 35 0.78923418173181759 5 203 6 195 4 342
101 0.47522920923529616 0.27030163952599168 0.1976543129442111 91 96 31 0.14967280227700383 5 297 6 352 4 343
102 -0.029349322678050908 -0.10284667293598333 0.2482219221687251 88 83 20 0.16451639531777076 5 325 6 341 4 344
103 0.55877368064928357 0.67833681523634914 0.20109500910341666 200 162 66 0.66107833990509135 5 174 4 354 6 151
104 -0.038196892177846373 0.34946704916861171 0.29348612364471754 233 226 156 0.30749596596963519 5 160 4 355 6 165
105 0.24283424896936137 0.3129501522263255 0.15228092627502929 141 74 21 0.78328328970603023 6 248 4 359 5 253
106 0.56721571032130103 0.53521383465485595 0.2336289688579859 217 190 84 0.22938508860674486 5 265 4 362 6 270
107 0.44850731670008448 0.42923473966314057 0.2061906075596821 105 50 37 0.081397467994598086 5 259 6 203 4 363
108 0.11561949343712336 0.62771518390998637 0.24423483524659659 97 35 11 0.35512621930440497 5 268 6 237 4 366
109 -0.12512450560891189 -0.031937520051681753 0.24692931574344221 69 17 5 0.90895161330233376 5 387 4 379 6 385
110 -0.051182506758930317 0.015640862533051549 0.24059305751047141 229 199 172 1.0692408462996925 5 318 6 427 4 380
111 -0.06552151325160456 -0.0048168111437094929 0.25372191449192494 112 65 52 0.32956171677158763 5 374 6 338 4 382
112 -0.060746689703247078 -0.11248789837802853 0.25632754112795481 170 163 95 0.2185833424380059 5 333 6 437 4 386
113 -0.055636220216325888 -0.087111750835839066 0.24803650048605194 100 44 37 0.24433308955201338 5 335 6 339 4 388
114 -0.048047833310659191 -0.46557385615296332 0.26601073031282002 93 97 31 0.45402506733369918 5 354 6 271 4 399
115 -0.069145965833490836 -0.57406758267985247 0.26315559515276521 103 53 45 0.029675921052029125 5 301 6 298 4 402
116 0.42358793958656005 -0.33637264493234004 0.22202507100831759 71 49 45 0.22585658457847557 5 326 6 310 4 404
117 0.46967718637877626 -0.38333118223253254 0.20914473966681019 233 199 155 0.29816174488014829 6 346 4 406 5 215
118 -0.069145965833490836 -0.57406758267985247 0.26315559515276521 103 53 45 0.029675921052029125 5 367 6 279 4 412
119 -0.70056765756136496 -0.48239378725312315 -0.10528811626801689 158 95 44 0.21767778275878602 5 306 6 682 4 413
120 -0.051182506758930317 0.015640862533051549 0.24059305751047141 229 199 172 1.0692408462996925 5 372 6 390 4 417
121 -0.062051439879913531 -0.13506773846224376 0.25863346201788756 116 71 38 0.55319653256170276 5 427 6 349 4 420
122 0.0094785983389811691 0.3077904745834466 0.27708572386263569 233 218 120 2.3341412712701737 5 717 4 423 6 712
123 -0.062051439879913531 -0.13506773846224376 0.25863346201788756 116 71 38 0.55319653256170276 5 392 6 314 4 425
124 0.43262701727722919 0.092976198287483713 0.18024094073738767 86 37 33 0.73876281852316483 6 723 4 428 5 1672
125 0.55793010321663405 0.11310641610761277 0.24180426349890527 217 184 78 0.23931364878667286 5 359 4 432 6 362
126 -0.70056765756136496 -0.48239378725312315 -0.10528811626801689 158 95 44 0.21767778275878602 5 352 6 631 4 433
127 -0.069172375537882275 0.42437588037560875 0.30403658122554589 82 55 46 0.24366584879799866 5 294 4 434 6 364
128 0.56895355750817811 0.72779657690250621 0.16891921614739083 182 140 47 0.78420113198829033 5 207 4 438 6 228
129 0.023109168127560985 0.4339841070610761 0.27632042599219336 218 198 56 0.75296613125655487 5 257 6 261 4 441
130 -0.40176265671458766 -0.19127389018120625 -0.12896955384758424 36 25 10 0.17732804180073028 5 390 6 435 4 460
131 -0.4728183248255971 0.15799944513784073 -0.12709746764777624 55 53 54 0.024237216118689179 5 519 6 464 4 478
132 0.015844858285635196 0.51771196296684074 0.26341546516654712 183 79 50 0.57856285130520124 5 754 6 447 4 487
133 -0.041812832349088933 0.20143333963909921 0.27123299409951407 122 96 59 0.11995583968149114 5 521 4 498 6 478
134 -0.080271624021267085 -0.14847202473149246 0.25227957627116293 134 87 22 0.72721912044292603 5 551 6 531 4 509
135 -0.060105100318725166 -0.15726711553205211 0.25156174508964918 225 207 94 0.31326117286670668 5 552 6 781 4 511
136 0.55586886723734119 0.26346415845555166 0.24373929978875133 220 201 120 0.1112493335263383 5 471 4 517 6 455
137 0.40582913416866662 -0.036411900174418574 0.20015034470669618 140 136 49 0.51134331564263102 5 437 6 424 4 525
138 -0.1867077981763593 -0.021362799867240663 0.30412265906969893 200 156 48 0.12423239018469356 5 574 4 527 6 527
139 0.55397335973235318 0.47242568345237712 0.24152347911315691 151 75 30 0.095765536747609958 5 501 6 499 4 530
140 0.55424136002321844 0.45145574380439701 0.2413286829900366 196 177 85 0.085660034779312402 5 755 6 747 4 532
141 0.57366041959433578 0.4603886341785835 0.23967571853113809 221 200 95 0.28400964822058988 5 502 6 501 4 535
142 0.55438757604940725 0.36207443132516376 0.24492537539361223 212 198 120 0.22439744849409596 5 484 4 540 6 366
143 0.41856954432166843 0.15752991447630565 0.18735212974348989 91 48 37 0.24649409896411409 5 509 6 470 4 548
144 -0.076389121992279915 -0.60794623505953771 0.27109229202797508 81 54 48 0.27879806708608901 5 601 6 591 4 565
145 0.55547181988158989 0.032864616676744653 0.24202480629636622 212 183 71 0.32123171953445423 5 563 4 573 6 731
146 0.42330102619796367 -0.13416238759027438 0.2037051852527276 59 32 39 0.17192206450585426 5 535 4 576 6 569
147 -0.076060454596952778 -0.42951722671484827 0.24603846019626316 87 40 28 0.29966175997732952 5 1164 4 588 6 1665
148 0.4642552489901966 0.64917111822571127 0.23414735798816283 99 96 28 0.23229446057615286 5 654 6 647 4 594
149 0.47901623287046474 0.58332221980096333 0.23258216860613523 222 208 94 1.5483814721574358 6 493 4 601 5 491
150 -0.030462227848399599 -0.56091173735177502 0.25441178451592883 99 42 34 0.22865221145009262 5 401 6 596 4 615
151 0.43647563930570504 -0.28169622581729431 0.21968338104177457 235 229 173 0.19326620513015702 5 385 6 431 4 618
152 0.40582913416866662 -0.036411900174418574 0.20015034470669618 140 136 49 0.51134331564263102 5 507 6 392 4 622
153 -0.68302590107902661 -0.42824637689459111 -0.083574542538937202 142 83 44 0.26959350849566971 5 959 6 1015 4 632
154 -0.69133291654266449 -0.40706807281188379 -0.080329434601877206 155 125 64 0.16320280436464182 5 642 6 929 4 636
155 -0.72855840473636024 -0.46587242955551528 -0.11053262790113817 117 90 63 1.3440384919339115 5 1023 6 629 4 640
156 -0.028371736688648619 0.18797998671630303 0.26989836869096701 226 218 149 1.2045964427759646 6 480 4 652 5 741
157 0.45305049202124958 0.65954533572154006 0.23233783823150694 226 200 163 0.30946392628106062 5 669 6 1108 4 664
158 0.4642552489901966 0.64917111822571127 0.23414735798816283 99 96 28 0.23229446057615286 5 671 6 661 4 666
159 -0.040023264555825 0.12489671640964874 0.25211088242608992 91 47 32 1.0827755506858694 5 925 4 667 6 900
160 0.41047849689384908 0.59698518204001838 0.22844835746367684 70 29 26 0.12820520738403166 5 679 6 670 4 668
161 0.39561846048516264 0.52965516475084296 0.20683262724278287 56 21 17 0.41540474874284827 6 904 4 670 5 1545
162 0.49596889423218493 0.60530318175151709 0.2239380192082733 227 215 98 0.92323446177843227 6 666 4 671 5 1114
163 -0.20847222867315629 0.19356253731932882 0.30489000846460995 113 54 14 0.40902804905249396 5 518 6 381 4 673
164 -0.081836786377269377 0.14251226535368844 0.26650555111638097 235 230 183 0.72490627710637778 5 516 6 699 4 682
165 -0.20841309969541114 0.084370323774246081 0.30402343743837312 174 141 35 0.19054747709955597 5 945 6 917 4 683
166 0.57048566049958094 0.50817803038312381 0.23768791199641473 169 76 27 0.14254909372249058 5 1067 6 738 4 689
167 0.5860270387435047 0.49728127629596725 0.23082850681523442 228 209 105 0.35973452194501215 6 380 4 694 5 379
168 -0.20956348674668437 0.035271617884245376 0.29890718173501168 116 53 14 0.19015217473701473 5 575 6 570 4 695
169 -0.48928911054179536 -0.45098119290955713 -0.10020059645376869 153 115 74 0.49575083961645294 5 848 6 982 4 696
170 0.56584845614902701 0.6086562958480648 0.22669810890848935 168 92 30 0.18116896523785386 5 674 6 664 4 699
171 0.39184708404949287 0.47490706515936276 0.20129951568676277 60 22 21 0.31336622332953595 5 985 6 1403 4 701
172 0.5543002239230499 0.58357707885133603 0.23217633711299077 204 186 82 0.13571750052050394 5 1117 6 1097 4 703
173 0.45676881720509716 0.50045890514600666 0.20730013802497746 171 170 100 2.4960740836968629 5 499 6 497 4 707
174 -0.65183117774091726 -0.46062295531596431 -0.083732271372578368 182 115 52 0.78344066502372589 5 1162 6 1319 4 715
175 -0.045715234413980579 -0.16090866766601691 0.2531712777204479 114 78 62 0.47158727465200267 5 1194 6 1209 4 724
176 0.44433221115201837 0.07100160856530327 0.19807019235645298 67 39 39 0.053595076405993092 5 970 6 931 4 731
177 -0.092096051013931118 -0.23649231024896017 0.25131651964710605 137 46 17 0.24951515241626021 5 623 6 1005 4 733
178 -0.052275224798270917 -0.24544409695726005 0.25449713104462679 239 234 193 0.31902483124735692 5 624 4 736 6 847
179 -0.10122159856566582 0.037784330474313739 0.25738014203311171 151 111 23 0.63939463738636226 5 802 6 789 4 738
180 -0.10446348885968219 0.0092282885002407354 0.25885495639559791 150 106 21 0.13187507638555901 5 810 6 797 4 743
181 0.58220968898364489 0.37972333207340436 0.23683905793074081 229 219 155 0.52646740446115459 5 762 6 754 4 753
182 -0.58315151275083632 0.012476460850378937 -0.12912083271083136 32 13 11 0.17499199098707971 5 801 4 768 6 1577
183 0.14293301237290426 0.64106311911270586 0.21874506021479681 195 158 43 0.24765057680952696 5 1112 4 771 6 672
184 0.43466947213349194 -0.080292126020791818 0.19499040828856501 59 29 32 0.13821608680452666 5 582 6 562 4 778
185 -0.099524454234149101 -0.54117289626014686 0.26855529831864206 93 97 28 0.94843108770400697 5 1064 6 1026 4 784
186 0.57410287567542639 0.65114942977988355 0.2081435224477664 162 70 29 0.33865701038743357 5 651 6 658 4 804
187 -0.11034610122186429 0.22387086040527474 0.25826315176536885 184 73 28 0.74435031313659084 5 952 6 1620 4 809
188 -0.0727642188207238 0.46238335013824444 0.30585410972978422 74 47 56 0.17121542633147868 5 760 6 759 4 816
189 -0.19001742499878088 0.38181503365013397 0.30285662917529421 141 93 23 0.24925644558602222 5 916 6 893 4 817
190 0.42555214672092767 0.66767197729525884 0.23576160741368327 84 54 47 0.26645491552667616 5 1407 4 827 6 1655
191 0.43659385422887775 0.63895805259145289 0.22974064759770196 196 144 95 0.40081090969995747 5 994 6 584 4 831
192 0.58551971983880036 0.70482694694903469 0.18565870187499753 169 73 25 0.57608462348596057 5 490 4 832 6 489
193 -0.081836786377269377 0.14251226535368844 0.26650555111638097 235 230 183 0.72490627710637778 5 432 6 751 4 835
194 0.59033448221336671 0.51374391497837624 0.22806690252804213 189 91 26 0.22279178106633232 5 1124 6 986 4 836
195 -0.056020541359446056 -0.077932688161915439 0.25028445167058483 94 39 32 0.15238646422540422 5 779 6 993 4 842
196 -0.045715234413980579 -0.16090866766601691 0.2531712777204479 114 78 62 0.47158727465200267 5 1387 6 1349 4 846
197 -0.11780179480091188 -0.27656454768255578 0.26053282483698242 207 162 40 1.4119414122551639 6 966 4 847 5 1189
198 -0.22065158251691877 0.37093197009806189 0.29662853377285092 67 36 13 0.11230603979258093 5 919 6 580 4 867
199 0.14293301237290429 0.64106311911270619 0.2187450602147972 195 158 43 0.24765057680954161 5 1021 6 643 4 878
200 -0.11034610122186429 0.22387086040527474 0.25826315176536885 184 73 28 0.74435031313659084 5 1051 6 1332 4 886
201 0.47517063913323082 -0.21666008346343132 0.21702413470168547 150 156 99 0.89947469318553352 5 441 6 429 4 899
202 -0.08823760547990514 -0.3682665114000459 0.25402491339175737 228 220 156 0.37337620699819563 5 843 6 1049 4 901
203 -0.19474532511855211 -0.39355601090823406 0.28185604071928794 194 160 68 0.12562605256275913 5 1086 6 1055 4 903
204 0.3776978133192827 -0.25840356245724333 0.18361876331012125 136 132 48 2.0980731170900149 5 556 4 909 6 778
205 0.52489677586306727 -0.076725107284059277 0.23478868189340393 128 69 24 0.0025160006999301932 6 560 4 912
206 -0.20089870987733879 -0.33728668814189877 0.28641148567610092 198 190 116 0.096610808160819461 5 842 4 927 6 1051
207 0.56475418035478353 0.086174598130891192 0.24112150308821267 166 76 22 0.14851767874132266 5 759 6 724 4 932
208 0.46058982809587878 -0.32504335718304861 0.21352087594838118 229 204 167 0.15214007244725894 5 872 6 837 4 933
209 0.26407607133149424 -0.47577189931080327 0.15858117061731969 169 72 17 2.138335167130224 5 1158 6 1118 4 934
210 0.47152691098638255 -0.2962571725193045 0.20659175721538353 129 79 63 0.21272746579971047 5 636 6 533 4 935
211 -0.18019675954310344 -0.53777119133664719 0.26132983945343669 189 83 29 0.35752355890289172 5 1465 6 1299 4 951
212 0.59302665604618987 -0.091804700015750834 0.22911949839198342 169 76 22 0.22215673619324142 5 694 4 955 6 545
213 0.39377105146675745 -0.23150233036819629 0.21303934400585114 160 155 72 0.37577426814471709 6 775 4 959 5 555
214 -0.087743719518049657 -0.46466275253025752 0.26396807836743713 109 122 75 0.30928800375035176 6 1234 4 960 5 1345
215 -0.090856354748669821 -0.58720672645445049 0.27538904706945716 236 231 188 1.8747934835232407 5 1012 4 963 6 1088
216 0.47427597524879589 -0.092040302338915567 0.19395172157408946 57 28 22 0.2457457753053538 5 1013 6 915 4 990
217 0.54640438537686054 -0.033811681304723264 0.23925261758121083 208 187 73 0.11481361873895855 5 800 6 1568 4 991
218 -0.072334681217382832 -0.41340204390254615 0.25712882148228028 176 162 56 0.066205260741558192 5 1149 6 1322 4 992
219 -0.053457950134406663 -0.278980774563794 0.24679575543738513 183 103 68 0.082434717527327547 5 826 6 812 4 996
220 0.41713344327561963 -0.02351549515555669 0.19651554737650295 133 128 40 0.25637249532152667 5 572 6 896 4 999
221 0.55002103406126746 0.091037040562419999 0.24385474025783263 208 188 85 0.20985056904657884 5 964 6 923 4 1003
222 -0.070655300654223971 -0.30978603561038659 0.25165206127303924 220 211 135 0.29030379119478605 6 1112 4 1005 5 1243
223 0.5537177069833773 0.056745196835681765 0.24066230212785916 210 180 60 0.17046904620828485 5 1670 4 1006 6 1533
224 -0.17924578546965689 -0.40285981236951629 0.27684411120371738 193 99 45 0.34079148118455566 5 617 6 607 4 1010
225 -0.042246268316128058 -0.40940027681057062 0.26081797957053221 112 122 73 1.8863514043409388 6 1311 4 1016 5 1152
226 -0.055949770837273718 -0.1967100287929808 0.24764548883525048 216 184 145 0.21066718742451271 5 856 6 834 4 1019
227 -0.07158086520632112 -0.26175845473404963 0.25357208471743065 236 230 176 0.43255400242643072 5 626 4 1032 6 520
228 0.48237037918917836 0.031986689021671628 0.19294675394778904 86 88 28 0.38958777207567802 6 1081 4 1034 5 564
229 -0.20969886896595349 0.33763070668304024 0.29951188391316058 79 40 14 0.13767150605931566 5 1274 6 1580 4 1057
230 -0.068084281263868687 -0.68229511752942895 0.24373805287830938 205 122 88 0.48844380232765561 6 1037 4 1071 5 592
231 -0.052579620334419319 -0.64482041614452046 0.27086710474700526 219 177 144 0.56838181884236161 5 594 6 585 4 1072
232 0.39289301146189404 -0.34421609604830933 0.21877733684488732 86 42 38 0.11974946636331517 5 997 6 1203 4 1081
233 -0.090301933581580895 -0.60216468936210998 0.26993711138032661 219 208 125 0.096784513675235093 6 592 4 1083 5 602
234 0.54706660204159796 -0.22845903692269179 0.2314045500825441 214 173 73 0.16733225157082984 5 795 6 636 4 1084
235 0.021553786852664892 -0.59774122836964905 0.19136395448029875 230 199 159 1.318090550021157 5 646 6 598 4 1086
236 -0.022257900193458042 -0.0063680622342219013 0.25258494953166383 236 229 175 0.15491908447698544 5 695 6 980 4 1095
237 -0.055949770837273718 -0.1967100287929808 0.24764548883525048 216 184 145 0.21066718742451271 5 971 6 973 4 1102
238 0.47427597524879589 -0.092040302338915567 0.19395172157408946 57 28 22 0.2457457753053538 5 1069 6 940 4 1110
239 0.54503111733774445 0.64891605514766593 0.21282660482519353 111 67 26 0.21664244113334799 5 1405 6 1109 4 1148
240 -0.18651478200186991 0.55359508805961122 0.28947278603797211 110 80 30 0.092323905373737983 5 1524 6 1493 4 1167
241 -0.47346357936466521 0.11268169933359885 -0.12679397400693906 15 6 11 0.039895536608511216 5 1690 6 1539 4 1171
242 -0.16440961879066221 0.54270526852662293 0.29419199143802893 124 59 20 0.12501810087774468 5 1519 6 1453 4 1172
243 -0.20765065513799544 0.15279765108680779 0.29982359641529688 108 38 13 0.19866161076661579 5 924 6 1537 4 1207
244 0.42712844109407144 0.68063392763828046 0.23709597603101276 84 55 58 0.038862921910736044 5 1410 6 1104 4 1213
245 0.022523541977969855 0.4137096908782224 0.2772917029098656 135 110 27 0.40015810709687849 5 908 4 1222 6 763
246 0.55320402122683521 0.69347484858329955 0.20415890127641623 189 163 70 0.29570173163921276 5 1455 6 1076 4 1226
249 -0.180536215924887 0.45655635119458748 0.30388458957510806 125 68 22 0.49886426294950237 5 905 6 881 4 1251
250 -0.029037324598825562 0.46159933416210869 0.2874909434730053 106 58 62 1.4422365986665238 6 983 4 1266 5 1544
251 -0.20969886896595349 0.33763070668304024 0.29951188391316058 79 40 14 0.13767150605931566 5 1447 6 1341 4 1268
252 0.4664353357146363 0.29593684776403867 0.19612743866667001 62 24 13 0.31541608616229544 5 729 4 1274 6 764
253 -0.21366279722849635 -0.05188439891804332 0.29910464984917978 112 67 23 0.45074482003848476 5 1603 6 1148 4 1276
254 0.55268032554335711 0.43094183510754946 0.24197151179499354 189 182 99 0.11975345059067227 5 1549 6 1500 4 1286
255 0.41820445734010014 0.36460496534326109 0.20140733476936509 141 132 40 0.45195153577748615 5 1053 4 1300 6 939
256 -0.20972899637131892 -0.14332579838940718 0.29527123425099566 115 76 35 0.2162770525477978 6 833 4 1316 5 1029
257 -0.19409314585373205 -0.12032163551480216 0.2978338381880099 175 150 60 0.35913115642814947 5 1191 4 1320 6 1216
258 0.41125457122540354 0.22203272526099657 0.19926438402340879 133 139 75 0.43114767642662505 5 1654 6 864 4 1328
259 -0.065647489609686721 -0.024925057238359163 0.25817487177453635 235 229 168 0.097719092739322999 6 1039 4 1332 5 585
260 -0.48271551152679804 -0.43719634083547887 -0.10668451174409574 114 69 39 0.038707506292026003 6 1121 4 1341
261 0.55437537323843167 0.56382730717939145 0.23127031523170985 199 176 78 0.19153744629434596 5 1104 6 1045 4 1351
262 0.47772483219915318 0.52211403340848428 0.22375542597697443 173 173 111 0.14739502782878411 5 745 6 989 4 1358
263 -0.1936959144504089 0.052463412291516312 0.30348973368769477 135 62 16 0.23776843082899224 5 1569 6 1519 4 1364
264 -0.17979913148376028 0.11076527053871869 0.30524401983199784 204 168 54 0.084396255289804642 5 1574 6 1575 4 1371
265 -0.60564484912936201 -0.46234905797341064 -0.094397043411122469 202 159 84 0.16752008270810612 5 1083 6 1313 4 1376
266 0.56839178810169166 0.58199407201519393 0.22826759595770418 211 183 76 0.1345506893558748 5 1396 6 1385 4 1380
267 0.5631754425405604 0.57273308655505073 0.23095216190546911 149 77 25 0.2741584282718475 5 1404 6 1092 4 1381
268 0.56102184769070618 -0.28082022198139567 0.22402646739145313 213 170 61 0.41832367529632636 5 859 4 1385 6 780
269 0.56839178810169166 0.58199407201519393 0.22826759595770418 211 183 76 0.1345506893558748 5 1260 6 1228 4 1403
270 0.14987565819483153 0.50610022556504819 0.22764575260013356 220 161 38 0.50522823089585056 6 513 5 503
273 0.56331551113490808 0.66281060163341687 0.21568518743993223 205 184 85 0.24386109053483832 5 1002 6 1071 4 1239 2 652 1 424
274 0.57323412750672054 0.69117065948784151 0.20266694344602987 211 194 97 0.31020500498165321 5 993 6 1077 4 1232 2 458 1 416
275 0.37870607058346389 0.76884892470459643 0.041456993751959333 90 69 39 1.0225763321841106 6 95 4 73 2 28 1 35
276 0.58452860176077348 0.68531882047367099 0.19958200795875086 189 84 34 0.17337732702671149 2 644 1 664 6 1373 5 1424
277 0.559689129108353 0.73461081826541763 0.17958159724748429 186 163 69 0.15042305610843212 2 300 1 365 6 652 5 661
