# Frame list with one line of data per frame:
#   FRAME_ID, RIG_ID, RIG_FROM_WORLD[QW, QX, QY, QZ, TX, TY, TZ], NUM_DATA_IDS, DATA_IDS[] as (SENSOR_TYPE, SENSOR_ID, DATA_ID)
# Number of frames: 8
1 1 0.044723011612147638 0.053012309638680241 0.76249438178851336 -0.64326655827896517 6.8159401862300298e-09 2.0721219397176627e-10 4.0311284351296424 1 CAMERA 1 1
2 1 0.18774980199750782 0.27099150771911557 0.77603869788726332 -0.53765932892070056 -1.8347672016050963e-07 -1.9739578101606798e-08 4.0311285958924126 1 CAMERA 1 2
3 1 0.59194099069610062 0.38496834824018028 -0.38605181442352243 0.59360696674420232 4.4646706603511817e-10 -6.2800585343597718e-09 4.0311278655006193 1 CAMERA 1 3
4 1 0.64460784114504399 0.76451021862422686 0.0016848350100940293 -0.00142059299279522 -3.4793149753121729e-10 -1.4842863866760444e-08 4.0311289593402959 1 CAMERA 1 4
5 1 0.92487220011350013 0.34876867565551228 0.05347879929227671 -0.1418162274387923 2.6308095512483388e-08 1.2712928583524154e-07 4.0311284596219039 1 CAMERA 1 5
6 1 0.76360799007508806 0.60978916934430838 -0.13246077491049832 0.16587389654183848 6.0781738138931387e-08 -1.212584859069583e-08 4.0311283291985607 1 CAMERA 1 6
7 1 0.70503525309654624 0.70440213382517713 0.058038211163727392 -0.058090376126698227 -4.1601753594438062e-08 -3.8330910881982401e-11 4.0311283579698847 1 CAMERA 1 7
8 1 0.2790040981148969 0.22515438474850288 0.58625868657521685 -0.72647296486429414 2.4851482500949923e-08 6.0542993871919148e-08 4.0311285959043692 1 CAMERA 1 8
