# Frame list with one line of data per frame:
#   FRAME_ID, RIG_ID, RIG_FROM_WORLD[QW, QX, QY, QZ, TX, TY, TZ], NUM_DATA_IDS, DATA_IDS[] as (SENSOR_TYPE, SENSOR_ID, DATA_ID)
# Number of frames: 8
1 1 0.20409607229044255 0.7544501079677528 -0.60217344021836705 0.16290173651203846 -3.3291512591647317e-09 -6.3502191737828126e-08 4.0311283332452597 1 CAMERA 1 1
2 1 0.53524255920460462 0.62306111277954179 0.43264079275500661 -0.37166140101219008 3.4644375701415648e-08 2.2687053310016696e-08 4.0311284712738065 1 CAMERA 1 2
3 1 0.080045566604851653 0.38855164788003155 -0.89906356626093009 0.18521616565191765 -1.8170238024713758e-08 -1.4082301455481851e-07 4.0311279310088262 1 CAMERA 1 3
4 1 0.42007424202800892 0.83339906658208451 -0.3207060393227279 0.16165167288535226 4.7319886970665077e-09 -1.05131830799033e-07 4.0311285717048522 1 CAMERA 1 4
5 1 0.48807942285449618 0.64800559710466221 -0.46703640151792908 0.35177297048556005 2.302990197737492e-08 -1.9084136464781852e-08 4.0311284207051692 1 CAMERA 1 5
6 1 0.038093242617036012 0.22442901469207144 -0.96001496238553197 0.16294721300829748 1.3143353629963136e-08 -5.6223246557802118e-08 4.0311284813202137 1 CAMERA 1 6
7 1 0.23231495506651084 0.4717349603194636 -0.76307162449381383 0.37578928238736575 4.2011420014149937e-08 -3.383657693773678e-08 4.0311289310630141 1 CAMERA 1 7
8 1 0.087720629959983212 0.24578122035533079 -0.90917700742038066 0.32449014157319067 -3.3859107741205369e-08 -7.0873421302915255e-08 4.0311284866152679 1 CAMERA 1 8
