# 3D point list with one line of data per point:
#   POINT3D_ID, X, Y, Z, R, G, B, ERROR, TRACK[] as (IMAGE_ID, POINT2D_IDX)
# Number of points: 30, mean track length: 3.1333333333333333
1 -0.22091056495547287 -0.2371154992579361 0.15609169215827901 168 149 134 0.23079747646200141 2 166 1 126 3 224
3 -0.13717005539252097 -0.44837008221623564 0.16126213111451684 188 161 135 0.32228244497463571 2 219 1 166 3 152
5 -0.37955271523648415 -0.66354657824523322 -0.01982747515696915 163 25 16 0.25873451701197475 2 452 1 315 3 694
10 -0.14073499581441515 -0.14582177377337008 0.17421720076120006 224 210 185 0.1164594321672453 2 632 3 857
11 -0.17641862943240877 -0.28636964828930356 0.13883965137789242 119 17 10 0.097103487648698625 2 1463 6 1313 1 1015
13 -0.40052823731755455 -0.70404674941322698 -0.03122293833549291 232 213 198 0.23607717705744902 2 1457 1 1203 3 1249
14 -0.40052823731755455 -0.70404674941322698 -0.03122293833549291 232 213 198 0.23607717705744902 2 1147 1 1328 3 1216
16 0.47829396681536218 -0.2735211433577216 0.83665992166065739 130 113 83 1.425770246196576 8 5 2 2 3 3
17 0.19900047044360789 0.20569121631130227 0.29186725667576119 255 255 242 1.9259696682079916 3 6 8 6 2 4
18 0.080361897549379668 0.68608802588109497 0.13421605387576777 113 103 89 1.3138784959878709 3 9 8 14 2 11
19 -0.85926720534261714 0.044181392263933028 0.56944582076932271 226 188 133 1.780156094118188 3 90 8 170 2 110
20 0.44768244548034314 -0.23491887155557203 0.9090186053857221 62 57 44 0.067628377727546762 3 130 8 164 2 117
21 -0.8807893660493793 -0.0080799390852377955 0.58363972779022411 216 179 125 0.64074638912209236 3 175 8 155 2 172
22 -0.8807893660493793 -0.0080799390852377955 0.58363972779022411 216 179 125 0.64074638912209236 3 206 8 171 2 189
23 0.031185885598892786 0.93891706779611628 -0.45159684662486915 111 104 83 0.39599440596639091 3 136 2 203 8 137
26 -0.14121294810886006 -0.17542544336855528 0.50578196500676464 165 146 129 1.6577118054126574 3 568 8 766 2 239
27 -0.7613852875231244 0.0027208963633420478 0.54929983351712852 255 217 168 0.095698318098902668 3 427 2 284
30 0.53851846206386011 -0.23536095565632698 0.83062738443992701 255 255 234 2.6600096471594123 3 720 2 503 8 737
31 -0.23588235118862705 -0.65555652547004062 0.14360268809571963 174 39 30 0.58461985715989373 3 414 8 452 2 514
32 -0.78047107457497078 0.0023498034285770555 0.54402838410203147 255 255 246 0.7198606964586145 3 879 2 605
34 0.70932969933774503 0.049996234531943268 0.50152352627837005 250 209 152 0.18580596667636454 3 775 8 1454 2 697
35 0.71726106352822738 0.027683777628156526 0.49869793330118367 252 213 157 0.2260732334309481 3 1001 8 1450 2 700
37 0.023267158311077455 0.96594745357015588 -0.480210966519862 0 0 0 0.32344683401407076 3 1018 8 443 2 845
39 -0.90383349605955432 0.26964505776080971 0.40185034504330291 169 156 152 0.72854661240382479 3 1496 2 1390 8 1690
40 -0.16547388184254291 -0.54591496950987173 0.14306790629254074 213 45 28 0.16482750470720539 3 425 8 508 2 408 1 377
41 -0.14690012267672334 -0.42108494020354975 0.14467023746645674 106 15 8 0.36043192210180974 3 277 8 260 2 237 1 279
42 -0.21950487274209488 -0.56625545622357121 0.15622398912833241 178 160 149 0.40011543122766735 3 213 8 248 2 220 6 142 1 146
43 -0.14518184421048452 -0.64785758161585549 0.15153872823192771 233 221 199 0.17797581184451161 2 795 1 414 3 912 8 985
44 -0.14518184421048452 -0.64785758161585549 0.15153872823192771 233 221 199 0.17797581184451161 2 621 1 516 3 791 8 984
45 -0.1531685614520206 -0.63766587564624888 0.14674837868167159 151 31 20 0.15098061572276972 2 1068 1 1046 3 987 8 1229
