# Frame list with one line of data per frame:
#   FRAME_ID, RIG_ID, RIG_FROM_WORLD[QW, QX, QY, QZ, TX, TY, TZ], NUM_DATA_IDS, DATA_IDS[] as (SENSOR_TYPE, SENSOR_ID, DATA_ID)
# Number of frames: 8
1 1 0.0041389298912860202 0.0056384793823915699 -0.80610941640082068 0.59172517742575237 6.3306810085621556e-10 -5.1536360099290785e-08 4.0311294416755175 1 CAMERA 1 1
2 1 0.031571936560738402 0.11554016386713165 -0.9576899846100958 0.26169366964616397 1.6049898244609005e-08 -2.3395494180455136e-08 4.0311289733569033 1 CAMERA 1 2
3 1 0.43767799642027577 0.8339149169562704 -0.29768084496800368 0.15623699071117927 -7.1020888809619742e-08 -8.9804028244265039e-09 4.0311290415285672 1 CAMERA 1 3
4 1 0.3416678173721539 0.8752703831702896 0.31886079250653021 -0.12446948991295206 -1.99284104411991e-08 -3.4894371640740538e-08 4.0311288618494361 1 CAMERA 1 4
5 1 0.14382840972005498 0.98958132115624375 0.00642840714329779 -0.00093432203401963999 1.4513989317219983e-09 -9.8149850739067349e-08 4.0311291838134133 1 CAMERA 1 5
6 1 0.23480181766414396 0.29138405655281518 -0.72207957169989234 0.58186298227515743 1.0745493271721881e-07 2.8496684199826973e-08 4.0311289325787243 1 CAMERA 1 6
7 1 0.46620283546171576 0.66810752544291974 0.4755667539500214 -0.33184862993755804 6.2614325040941544e-08 3.8519781247378894e-08 4.0311292798500942 1 CAMERA 1 7
8 1 0.35242373220157724 0.92672494085803792 0.12179169148520486 -0.04631609717959783 2.0277893663801004e-08 -1.2669505346237445e-07 4.0311289679484537 1 CAMERA 1 8
