# 3D point list with one line of data per point:
#   POINT3D_ID, X, Y, Z, R, G, B, ERROR, TRACK[] as (IMAGE_ID, POINT2D_IDX)
# Number of points: 21, mean track length: 3
1 0.085280363833208736 0.82952851611136202 0.6332310422728602 255 231 73 2.5658994155441186 3 16 5 15
2 -0.54244188381327885 -1.1234220243933017 -0.31628431632527793 247 227 179 1.1301509887208769 3 184 5 111 1 42
3 -0.0047501914118727052 0.661642736037243 0.71244849079176464 200 1 0 0.17886747778375364 3 52 5 46 1 49
4 0.52497104016047624 -0.87045698806457406 -0.2976099512569656 104 70 54 0.55294088547825604 3 420 5 127 1 107
5 -0.5891242765179836 -1.0266942789773017 -0.29812068436663602 104 70 57 0.72607834325747989 3 370 5 205 1 132
6 -0.5517836314262804 -1.0537902077763852 -0.30703985962632352 228 213 177 0.77337038391136248 3 367 5 206 1 133
7 -0.54288469190064026 -0.92226255583053818 -0.29957797502564015 226 209 172 0.25569601666930725 3 203 5 203 1 138
8 0.54403794701194763 -0.91901373089811211 -0.29451453900353469 225 211 175 0.72295844845642721 3 646 5 128 1 202
9 0.57888671104269818 -1.0972068174159979 -0.33729820888153716 140 95 71 1.1767994253195337 3 386 1 244
10 0.54435685921150978 -1.0531972093066118 -0.30584384404469039 228 213 177 0.91832897606864228 5 216 1 245 3 640
11 0.54458782089212621 -0.98959543675360073 -0.30568795961286926 227 212 176 0.82319928731604708 3 629 5 215 1 251
12 -0.47412691298099474 -0.99297378870310837 -0.30954617879521551 238 218 177 1.2372365673339549 3 241 1 463 6 858
13 -0.63009854985520297 -1.0026899815456405 -0.26415808464692853 147 100 76 0.78215699976974207 3 643 1 469 6 1825
14 -0.47237978750820359 -0.99254515327270665 -0.31245476853821513 247 223 176 0.37729901137570615 3 422 5 421 1 503
15 0.54131351110720693 0.92244956225437946 -0.29722436412120656 206 194 162 0.31323434588822091 3 718 5 1227 1 579
16 -0.56560413432201062 -0.78200455587951911 -0.27469216031720728 84 54 41 1.8425657104982613 3 1248 5 1085 1 961
17 -0.51565598721954964 -0.88097999285419715 -0.29972121979897853 109 73 56 1.2715374391132297 3 1185 5 1843 1 1218 6 3189
18 -0.51565598721954964 -0.88097999285419715 -0.29972121979897853 109 73 56 1.2715374391132297 3 964 5 2036 1 1311 6 3122
19 0.55540633312889331 -0.89133926298880706 -0.3083587285842227 203 187 150 0.21945798693548579 3 2084 1 1631 5 1765
20 0.20534703953549882 0.34818942472522174 0.30565539817168669 38 39 45 0.15110703201947936 3 2597 5 3388 1 1745
21 0.00041595137748245671 0.62085812833823983 0.67967008338792068 255 200 52 1.0926519031451587 3 2674 5 2751 1 1852
