# Frame list with one line of data per frame:
#   FRAME_ID, RIG_ID, RIG_FROM_WORLD[QW, QX, QY, QZ, TX, TY, TZ], NUM_DATA_IDS, DATA_IDS[] as (SENSOR_TYPE, SENSOR_ID, DATA_ID)
# Number of frames: 8
1 1 0.1012935089515403 0.044633112848587647 -0.40074487518848767 0.90947845235161739 -8.755908924037612e-09 7.1792655416611596e-09 4.0311293982014149 1 CAMERA 1 1
2 1 0.14989081747868938 0.059022131589945237 0.36160081774597957 -0.91831039383401747 -2.8586668776280434e-08 3.2428433215497722e-08 4.0311294063166869 1 CAMERA 1 2
3 1 0.71377696016622993 0.65813535630703002 0.16237844914018695 -0.17610662443333272 2.7140282249723019e-08 -4.9911280957856239e-10 4.0311289297793147 1 CAMERA 1 3
4 1 0.4107825244417227 0.86288333026290809 -0.26584450217283268 0.12655740449360245 4.5538907595830049e-08 -2.8657644080380247e-08 4.0311284502503746 1 CAMERA 1 4
5 1 0.78257871560305425 0.606884610830561 -0.085050326057201683 0.10967253557603236 -2.0144514961791042e-08 -4.445180407832655e-08 4.0311288634292159 1 CAMERA 1 5
6 1 0.49294422373636881 0.42996764889093658 0.4971994092339006 -0.57002329833929555 2.9677748307213214e-08 5.2245200467845178e-09 4.0311289891166338 1 CAMERA 1 6
7 1 0.26687215228621575 0.64737045401050053 0.6600414452009794 -0.27209564536273617 9.9670277714550668e-10 4.5029992079643806e-08 4.0311290451052662 1 CAMERA 1 7
8 1 0.17262604268919979 0.24708167341054996 0.78162455487173932 -0.54608969159989162 -2.814193155552362e-08 5.0958950469402237e-08 4.0311287874331541 1 CAMERA 1 8
